20130301;230003;172602N232;My Plant;+0100
[wr_def_start]
172602N232;Inverter Type;Inverter Group;72602N232      
[wr_def_end]
[wr]
INTERVAL;TIMESTAMP;SERIAL;P_AC;E_DAY;T_WR;U_AC;U_AC_1;U_AC_2;U_AC_3;I_AC;F_AC;U_DC_1;I_DC_1;U_DC_2;I_DC_2;U_DC_3;I_DC_3;S;E_WR;M_WR;I_AC_1;I_AC_2;I_AC_3;P_AC_1;P_AC_2;P_AC_3;F_AC_1;F_AC_2;F_AC_3;R_DC;PC;PCS;PCS_LL;COS_PHI;COS_PHI_LL;S_COS_PHI
600;2013-03-01 06:40:00;172602N232;0;0.000;0;1;1;1;1;0.000;0.43;1.8;0.000;1.8;0.000;0.0;0.000;50;0;0;0.000;0.000;0.000;0;0;0;0.43;0.43;0.43;87;1000;0.0;0;1.0000;0;0
600;2013-03-01 06:50:00;172602N232;0;0.000;14;221;221;222;219;0.000;49.99;227.6;0.000;228.6;0.000;0.0;0.000;50;0;0;0.000;0.000;0.000;0;0;0;49.99;49.99;49.99;0;1000;0.0;0;1.0000;0;0
600;2013-03-01 07:00:00;172602N232;0;0.000;16;220;221;222;219;0.000;50.03;235.2;0.000;236.1;0.000;0.0;0.000;50;0;0;0.000;0.000;0.000;0;0;0;50.03;50.03;50.03;0;1000;0.0;0;1.0000;0;0
600;2013-03-01 07:10:00;172602N232;0;0.000;17;220;220;219;219;0.010;50.01;278.9;0.000;278.3;0.000;0.0;0.000;60;0;0;0.013;0.012;0.007;0;0;0;50.01;50.01;50.01;3855;1000;0.0;0;1.0000;0;0
600;2013-03-01 07:20:00;172602N232;12;0.003;18;220;221;219;220;0.240;49.99;320.4;0.004;314.7;0.005;0.0;0.000;60;0;0;0.312;0.175;0.233;0;11;7;49.99;49.99;49.99;7017;1000;0.0;0;1.0000;0;0
600;2013-03-01 07:30:00;172602N232;40;0.009;18;220;220;220;220;0.525;49.99;381.5;0.032;384.1;0.032;0.0;0.000;60;0;0;0.537;0.577;0.463;8;17;18;49.99;49.99;49.99;7061;1000;0.0;0;1.0000;0;0
600;2013-03-01 07:40:00;172602N232;65;0.018;19;220;220;220;220;0.718;49.99;405.4;0.062;406.3;0.061;0.0;0.000;60;0;0;0.789;0.777;0.590;11;22;31;49.99;49.99;49.99;7061;1000;0.0;0;1.0000;0;0
600;2013-03-01 07:50:00;172602N232;90;0.035;19;222;222;221;221;0.898;50.00;416.8;0.092;415.6;0.090;0.0;0.000;60;0;0;1.052;0.777;0.866;14;43;34;50.00;50.00;50.00;7061;1000;0.0;0;1.0000;0;0
600;2013-03-01 08:00:00;172602N232;115;0.053;20;221;222;219;221;0.931;50.02;430.9;0.119;423.7;0.115;0.0;0.000;60;0;0;1.250;0.752;0.792;7;69;37;50.02;50.02;50.02;7061;1000;0.0;0;1.0000;0;0
600;2013-03-01 08:10:00;172602N232;149;0.079;20;221;222;220;219;0.927;49.99;458.5;0.153;442.6;0.137;0.0;0.000;60;0;0;1.160;0.856;0.766;11;69;67;49.99;49.99;49.99;7061;1000;0.0;0;1.0000;0;0
600;2013-03-01 08:20:00;172602N232;163;0.105;21;221;221;220;221;1.111;50.00;458.4;0.168;447.0;0.154;0.0;0.000;60;0;0;1.335;1.065;0.934;27;98;39;50.00;50.00;50.00;7061;1000;0.0;0;1.0000;0;0
600;2013-03-01 08:30:00;172602N232;174;0.134;22;220;219;221;221;0.981;50.00;451.5;0.183;437.9;0.170;0.0;0.000;60;0;0;0.871;1.151;0.923;55;76;41;50.00;50.00;50.00;7061;1000;0.0;0;1.0000;0;0
600;2013-03-01 08:40:00;172602N232;196;0.168;22;221;221;221;220;0.956;49.99;460.0;0.204;444.5;0.189;0.0;0.000;60;0;0;1.059;0.978;0.833;31;79;83;49.99;49.99;49.99;7061;1000;0.0;0;1.0000;0;0
600;2013-03-01 08:50:00;172602N232;231;0.206;23;221;222;222;220;1.042;49.99;479.2;0.238;469.2;0.209;0.0;0.000;60;0;0;1.108;1.097;0.923;45;85;98;49.99;49.99;49.99;7061;1000;0.0;0;1.0000;0;0
600;2013-03-01 09:00:00;172602N232;277;0.253;23;222;222;223;220;1.133;49.96;465.8;0.296;471.2;0.263;0.0;0.000;60;0;0;1.229;1.199;0.972;69;105;101;49.96;49.96;49.96;7061;1000;0.0;0;1.0000;0;0
600;2013-03-01 09:10:00;172602N232;310;0.304;23;222;223;223;221;1.143;49.98;451.9;0.331;480.6;0.306;0.0;0.000;60;0;0;1.301;1.091;1.037;89;111;108;49.98;49.98;49.98;7061;1000;0.0;0;1.0000;0;0
600;2013-03-01 09:20:00;172602N232;291;0.353;24;222;222;223;221;1.150;49.99;483.0;0.273;453.0;0.326;0.0;0.000;60;0;0;1.234;1.239;0.978;86;101;102;49.99;49.99;49.99;7061;1000;0.0;0;1.0000;0;0
600;2013-03-01 09:30:00;172602N232;289;0.402;24;222;221;224;221;1.141;50.00;485.3;0.266;491.5;0.285;0.0;0.000;60;0;0;1.196;1.316;0.913;89;99;99;50.00;50.00;50.00;7061;1000;0.0;0;1.0000;0;0
600;2013-03-01 09:40:00;172602N232;299;0.452;24;221;220;224;220;1.160;50.01;476.1;0.283;486.2;0.299;0.0;0.000;60;0;0;1.206;1.351;0.925;98;95;104;50.01;50.01;50.01;7061;1000;0.0;0;1.0000;0;0
600;2013-03-01 09:50:00;172602N232;282;0.499;24;222;221;224;221;1.165;50.01;458.5;0.279;487.1;0.281;0.0;0.000;60;0;0;1.159;1.438;0.900;87;91;102;50.01;50.01;50.01;7061;1000;0.0;0;1.0000;0;0
600;2013-03-01 10:00:00;172602N232;280;0.547;25;222;221;223;220;1.169;49.99;450.4;0.277;487.1;0.283;0.0;0.000;60;0;0;1.246;1.363;0.900;76;102;100;49.99;49.99;49.99;7061;1000;0.0;0;1.0000;0;0
600;2013-03-01 10:10:00;172602N232;269;0.591;25;221;221;222;221;1.134;50.01;444.0;0.264;480.2;0.281;0.0;0.000;60;0;0;1.181;1.257;0.966;78;102;86;50.01;50.01;50.01;7061;1000;0.0;0;1.0000;0;0
600;2013-03-01 10:20:00;172602N232;271;0.636;25;222;221;223;221;1.129;50.00;445.6;0.271;471.8;0.284;0.0;0.000;60;0;0;1.094;1.324;0.970;78;96;95;50.00;50.00;50.00;7061;1000;0.0;0;1.0000;0;0
600;2013-03-01 10:30:00;172602N232;272;0.682;25;222;221;224;221;1.136;50.00;451.8;0.275;463.0;0.284;0.0;0.000;60;0;0;1.100;1.310;0.999;75;91;104;50.00;50.00;50.00;7061;1000;0.0;0;1.0000;0;0
600;2013-03-01 10:40:00;172602N232;271;0.727;25;222;222;223;221;1.147;50.01;456.4;0.287;452.6;0.274;0.0;0.000;60;0;0;1.207;1.258;0.978;62;104;103;50.01;50.01;50.01;7061;1000;0.0;0;1.0000;0;0
600;2013-03-01 10:50:00;172602N232;274;0.772;25;222;222;223;221;1.148;50.01;472.8;0.297;446.8;0.269;0.0;0.000;60;0;0;1.230;1.296;0.918;70;105;97;50.01;50.01;50.01;7061;1000;0.0;0;1.0000;0;0
600;2013-03-01 11:00:00;172602N232;638;0.880;25;223;222;224;221;1.341;49.98;378.6;1.791;439.0;0.267;0.0;0.000;60;0;0;1.352;1.432;1.241;195;223;218;49.98;49.98;49.98;7061;1000;0.0;0;1.0000;0;0
600;2013-03-01 11:10:00;172602N232;1322;1.100;26;223;223;225;221;2.023;49.97;344.3;3.523;436.1;0.270;0.0;0.000;60;0;0;1.984;2.067;2.020;427;456;436;49.97;49.97;49.97;7061;1000;0.0;0;1.0000;0;0
600;2013-03-01 11:20:00;172602N232;1650;1.375;26;223;222;225;222;2.481;50.00;417.3;3.671;446.2;0.275;0.0;0.000;60;0;0;2.410;2.550;2.483;532;570;546;50.00;50.00;50.00;7061;1000;0.0;0;1.0000;0;0
600;2013-03-01 11:30:00;172602N232;1736;1.664;26;223;222;226;222;2.604;50.01;425.5;3.786;461.3;0.277;0.0;0.000;60;0;0;2.532;2.676;2.604;559;600;574;50.01;50.01;50.01;7061;1000;0.0;0;1.0000;0;0
600;2013-03-01 11:40:00;172602N232;1796;1.964;27;224;223;225;222;2.695;50.00;422.0;3.906;273.4;0.616;0.0;0.000;60;0;0;2.641;2.755;2.691;586;615;593;50.00;50.00;50.00;7061;1000;0.0;0;1.0000;0;0
600;2013-03-01 11:50:00;172602N232;2314;2.350;27;224;223;225;223;3.464;50.01;420.2;3.995;256.2;2.631;0.0;0.000;60;0;0;3.405;3.529;3.458;756;790;766;50.01;50.01;50.01;7061;1000;0.0;0;1.0000;0;0
600;2013-03-01 12:00:00;172602N232;2797;2.816;29;224;224;226;223;4.170;49.97;418.1;4.071;287.0;3.971;0.0;0.000;60;0;0;4.113;4.241;4.158;916;955;924;49.97;49.97;49.97;7061;1000;0.0;0;1.0000;0;0
600;2013-03-01 12:10:00;172602N232;3204;3.350;31;225;224;227;224;4.762;49.97;413.8;4.143;382.5;4.008;0.0;0.000;60;0;0;4.685;4.827;4.775;1045;1091;1066;49.97;49.97;49.97;7061;1000;0.0;0;1.0000;0;0
600;2013-03-01 12:20:00;172602N232;3388;3.914;32;225;223;227;224;5.030;50.01;412.4;4.181;414.8;4.119;0.0;0.000;60;0;0;4.933;5.107;5.050;1098;1158;1129;50.01;50.01;50.01;7061;1000;0.0;0;1.0000;0;0
600;2013-03-01 12:30:00;172602N232;3425;4.487;33;225;224;226;224;5.092;50.00;413.5;4.214;415.7;4.153;0.0;0.000;60;0;0;5.022;5.169;5.085;1121;1167;1135;50.00;50.00;50.00;7061;1000;0.0;0;1.0000;0;0
600;2013-03-01 12:40:00;172602N232;3436;5.058;34;225;225;227;223;5.107;50.00;411.9;4.246;413.7;4.184;0.0;0.000;60;0;0;5.065;5.185;5.071;1138;1171;1125;50.00;50.00;50.00;7061;1000;0.0;0;1.0000;0;0
600;2013-03-01 12:50:00;172602N232;3435;5.632;35;225;225;227;222;5.106;50.03;410.4;4.262;412.6;4.202;0.0;0.000;60;0;0;5.061;5.185;5.073;1135;1175;1125;50.03;50.03;50.03;7061;1000;0.0;0;1.0000;0;0
600;2013-03-01 13:00:00;172602N232;3441;6.206;35;225;225;227;222;5.106;50.01;411.4;4.266;411.7;4.205;0.0;0.000;60;0;0;5.071;5.201;5.047;1140;1180;1118;50.01;50.01;50.01;7061;1000;0.0;0;1.0000;0;0
600;2013-03-01 13:10:00;172602N232;3403;6.773;36;225;225;227;223;5.053;50.01;410.8;4.226;410.6;4.171;0.0;0.000;60;0;0;5.000;5.146;5.015;1122;1166;1113;50.01;50.01;50.01;7061;1000;0.0;0;1.0000;0;0
600;2013-03-01 13:20:00;172602N232;3390;7.338;37;225;224;228;223;5.034;50.00;412.0;4.194;411.7;4.147;0.0;0.000;60;0;0;4.951;5.138;5.015;1106;1166;1116;50.00;50.00;50.00;7061;1000;0.0;0;1.0000;0;0
600;2013-03-01 13:30:00;172602N232;3372;7.900;37;226;225;228;223;4.993;49.99;412.8;4.166;411.9;4.118;0.0;0.000;60;0;0;4.944;5.086;4.949;1110;1158;1101;49.99;49.99;49.99;7061;1000;0.0;0;1.0000;0;0
600;2013-03-01 13:40:00;172602N232;3337;8.457;38;226;225;229;223;4.938;50.01;412.5;4.125;412.5;4.070;0.0;0.000;60;0;0;4.878;5.035;4.901;1096;1148;1091;50.01;50.01;50.01;7061;1000;0.0;0;1.0000;0;0
600;2013-03-01 13:50:00;172602N232;3270;9.002;38;226;227;228;224;4.834;50.02;412.7;4.038;412.6;3.990;0.0;0.000;60;0;0;4.795;4.914;4.793;1084;1117;1068;50.02;50.02;50.02;7061;1000;0.0;0;1.0000;0;0
600;2013-03-01 14:00:00;172602N232;3219;9.539;38;224;225;226;221;4.809;50.00;412.1;3.985;411.4;3.932;0.0;0.000;60;0;0;4.785;4.876;4.768;1071;1097;1050;50.00;50.00;50.00;7061;1000;0.0;0;1.0000;0;0
600;2013-03-01 14:10:00;172602N232;3116;10.058;38;224;225;226;222;4.651;49.99;412.0;3.884;418.4;3.716;0.0;0.000;60;0;0;4.630;4.711;4.612;1036;1061;1017;49.99;49.99;49.99;7061;1000;0.0;0;1.0000;0;0
600;2013-03-01 14:20:00;172602N232;2957;10.551;38;225;225;226;223;4.404;50.00;413.5;3.791;408.2;3.488;0.0;0.000;60;0;0;4.372;4.448;4.394;980;1000;975;50.00;50.00;50.00;7061;1000;0.0;0;1.0000;0;0
600;2013-03-01 14:30:00;172602N232;2857;11.027;38;225;225;227;223;4.259;49.99;416.8;3.693;401.8;3.363;0.0;0.000;60;0;0;4.218;4.309;4.252;942;970;943;49.99;49.99;49.99;7061;1000;0.0;0;1.0000;0;0
600;2013-03-01 14:40:00;172602N232;2722;11.482;38;225;224;227;223;4.067;50.00;416.5;3.569;391.2;3.247;0.0;0.000;60;0;0;4.001;4.132;4.070;888;930;902;50.00;50.00;50.00;7061;1000;0.0;0;1.0000;0;0
600;2013-03-01 14:50:00;172602N232;2610;11.917;38;224;223;228;223;3.904;50.02;415.9;3.448;382.1;3.165;0.0;0.000;60;0;0;3.805;3.998;3.910;839;905;864;50.02;50.02;50.02;7061;1000;0.0;0;1.0000;0;0
600;2013-03-01 15:00:00;172602N232;2423;12.321;38;225;224;228;223;3.620;49.99;418.9;3.300;405.1;2.638;0.0;0.000;60;0;0;3.545;3.696;3.619;784;836;801;49.99;49.99;49.99;7061;1000;0.0;0;1.0000;0;0
600;2013-03-01 15:10:00;172602N232;2223;12.692;38;225;224;227;224;3.325;49.99;417.5;3.000;359.1;2.792;0.0;0.000;60;0;0;3.265;3.377;3.333;724;758;739;49.99;49.99;49.99;7061;1000;0.0;0;1.0000;0;0
600;2013-03-01 15:20:00;172602N232;2108;13.043;38;224;224;225;224;3.156;49.98;397.1;2.748;383.3;2.715;0.0;0.000;60;0;0;3.106;3.199;3.165;689;715;702;49.98;49.98;49.98;7061;1000;0.0;0;1.0000;0;0
600;2013-03-01 15:30:00;172602N232;1982;13.374;38;223;223;225;223;2.974;49.98;377.8;2.521;399.2;2.635;0.0;0.000;60;0;0;2.916;3.032;2.975;646;676;658;49.98;49.98;49.98;7061;1000;0.0;0;1.0000;0;0
600;2013-03-01 15:40:00;172602N232;1853;13.683;37;224;224;224;223;2.778;49.98;360.7;2.304;413.6;2.519;0.0;0.000;60;0;0;2.725;2.824;2.785;605;629;617;49.98;49.98;49.98;7061;1000;0.0;0;1.0000;0;0
600;2013-03-01 15:50:00;172602N232;1671;13.962;37;223;224;224;223;2.509;50.00;347.7;2.008;421.3;2.351;0.0;0.000;60;0;0;2.460;2.545;2.522;546;565;558;50.00;50.00;50.00;7061;1000;0.0;0;1.0000;0;0
600;2013-03-01 16:00:00;172602N232;1534;14.218;37;224;224;226;221;2.297;49.98;343.0;1.823;423.2;2.181;0.0;0.000;60;0;0;2.252;2.352;2.289;502;527;503;49.98;49.98;49.98;7061;1000;0.0;0;1.0000;0;0
600;2013-03-01 16:10:00;172602N232;1299;14.434;37;224;224;226;222;1.970;49.98;316.4;1.523;429.4;1.931;0.0;0.000;60;0;0;1.936;2.008;1.968;423;447;428;49.98;49.98;49.98;7061;1000;0.0;0;1.0000;0;0
600;2013-03-01 16:20:00;172602N232;1089;14.616;36;223;224;223;222;1.667;49.98;306.2;1.267;420.6;1.700;0.0;0.000;60;0;0;1.644;1.691;1.668;357;370;360;49.98;49.98;49.98;7061;1000;0.0;0;1.0000;0;0
600;2013-03-01 16:30:00;172602N232;866;14.759;36;222;225;220;222;1.334;49.99;309.9;1.164;369.8;1.392;0.0;0.000;60;0;0;1.307;1.348;1.349;283;290;290;49.99;49.99;49.99;7061;1000;0.0;0;1.0000;0;0
600;2013-03-01 16:40:00;172602N232;504;14.844;36;222;224;220;221;1.135;49.99;351.9;0.881;316.1;0.655;0.0;0.000;60;0;0;1.240;1.118;1.049;154;183;165;49.99;49.99;49.99;7061;1000;0.0;0;1.0000;0;0
600;2013-03-01 16:50:00;172602N232;325;14.898;35;221;222;221;219;1.162;49.99;373.2;0.562;445.3;0.232;0.0;0.000;60;0;0;1.365;1.125;0.996;78;132;112;49.99;49.99;49.99;7061;1000;0.0;0;1.0000;0;0
600;2013-03-01 17:00:00;172602N232;231;14.937;34;219;222;220;217;1.117;50.04;435.3;0.289;435.5;0.205;0.0;0.000;60;0;0;1.501;1.099;0.752;28;115;86;50.04;50.04;50.04;7061;1000;0.0;0;1.0000;0;0
600;2013-03-01 17:10:00;172602N232;181;14.967;34;224;225;224;222;1.121;50.05;407.3;0.218;436.3;0.179;0.0;0.000;60;0;0;1.604;0.900;0.859;11;94;80;50.05;50.05;50.05;7061;1000;0.0;0;1.0000;0;0
600;2013-03-01 17:20:00;172602N232;129;14.990;33;224;226;224;223;1.043;50.01;405.7;0.132;421.4;0.145;0.0;0.000;60;0;0;1.570;0.802;0.758;0;80;57;50.01;50.01;50.01;7061;1000;0.0;0;1.0000;0;0
600;2013-03-01 17:30:00;172602N232;80;15.004;33;224;225;225;222;0.893;50.01;376.5;0.085;394.0;0.091;0.0;0.000;60;0;0;1.204;0.802;0.673;1;40;48;50.01;50.01;50.01;7061;1000;0.0;0;1.0000;0;0
600;2013-03-01 17:40:00;172602N232;43;15.011;32;224;225;226;221;0.568;49.99;350.2;0.037;371.6;0.042;0.0;0.000;60;0;0;0.712;0.551;0.441;0;23;35;49.99;49.99;49.99;7061;1000;0.0;0;1.0000;0;0
600;2013-03-01 17:50:00;172602N232;6;15.011;32;223;224;224;221;0.213;49.98;261.1;0.002;263.8;0.004;0.0;0.000;60;0;0;0.272;0.221;0.148;3;4;9;49.98;49.98;49.98;7061;1000;0.0;0;1.0000;0;0
600;2013-03-01 18:00:00;172602N232;0;15.011;31;223;225;226;219;0.006;50.02;267.1;0.000;266.7;0.000;0.0;0.000;50;0;0;0.016;0.002;0.002;0;0;0;50.02;50.02;50.02;7061;1000;0.0;0;1.0000;0;0
600;2013-03-01 18:10:00;172602N232;0;15.011;29;223;224;226;218;0.000;49.99;232.7;0.000;233.6;0.000;0.0;0.000;50;0;0;0.000;0.000;0.000;0;0;0;49.99;49.99;49.99;7061;1000;0.0;0;1.0000;0;0
600;2013-03-01 18:20:00;172602N232;0;15.011;27;222;224;223;219;0.000;49.98;224.7;0.000;225.6;0.000;0.0;0.000;80;0;0;0.000;0.000;0.000;0;0;0;49.98;49.98;49.98;7061;1000;0.0;0;1.0000;0;0
[wr_ende]
